#JOSM PicLayer plugin calibration data
#Thu Oct 12 15:07:44 CST 2023
POSITION_X=98.72845647657607
POSITION_Y=93.09015796257458
INITIAL_SCALE=20.50439491350532
M00=0.24385334068362793
M11=0.24549750054100464
M10=2.5927111035308666E-7
M02=-841.1871994785296
M01=-3.2232981684433136E-6
M12=813.120379446634
